4214
4202
4213
24
4542
4853
4229
4492
4223
1232
4508
1222
1227
18
1216
44
1240
484
4850
1245
1244
464
40
11
4460
1238
4449
4205
502
1215
1231
4426
4535
4509
4605
1217
1237
3832
286
3994
4810
784
4353
4548
3808
4848
49
4220
1202
4520
787
4410
4549
763
596
1201
881
479
4543
505
4403
4495
1209
4532
37
4464
766
4545
4385
468
4614
4844
4263
575
4800
4932
4603
4518
4447
557
786
1042
1200
4261
1248
4418
3840
4427
1234
1211
1472
4893
4593
1993
4700
4612
4218
767
4417
1214
52
4411
4871
1210
4510
75
45
4870
4523
882
3597
4035
4867
1236
833
26
4917
897
961
3564
4230
7
28
4438
4546
4242
4516
1226
4541
4531
861
4815
4440
591
4931
450
4384
4450
13
4604
4419
4863
789
2269
3831
4478
4838
4422
4416
706
599
3847
774
4528
4527
3989
4743
663
4383
2804
53
4878
772
1028
4497
17
4633
4233
1225
4432
4539
4562
16
3474
2246
533
4704
4623
4544
558
971
8
2297
523
896
864
481
988
63
4513
258
3481
585
4877
4524
764
4597
4358
794
4184
457
2127
4407
3573
3258
4820
1453
4636
277
4849
4619
4421
788
4840
23
4458
510
4578
1213
4833
4441
865
517
571
1913
816
4374
4792
3487
739
4245
4209
3534
1239
34
4889
4885
2260
771
4472
664
1233
3821
760
705
465
3536
3958
890
4232
494
4164
990
4987
959
4821
4529
4626
4608
4965
643
4702
1024
1482
879
673
563
4193
9
6
746
4360
4530
4834
459
39
4236
4627
1553
901
4017
4851
4476
853
735
783
4493
4470
4730
582
2217
4250
4580
597
527
4183
1430
2079
4275
4231
3493
1484
4521
4436
483
4187
452
30
2354
593
4601
3178
4639
1203
989
4267
12
3985
4439
3828
4433
257
954
3596
4538
1415
4616
4452
4485
270
3845
570
2062
4812
71
4291
978
4463
1977
4514
4389
1104
4483
4939
511
651
671
1077
519
78
586
625
807
3805
4240
3
4246
477
2676
2134
919
660
2060
2288
14
1041
1044
4357
4621
659
2291
775
532
4685
777
1477
2096
4153
583
1418
904
2376
4278
4351
4928
4216
4594
876
977
996
3543
2572
4630
4401
47
4854
1416
4778
2268
614
1148
2119
3469
77
95
4279
3167
790
1263
4777
1466
713
460
1125
1122
1486
489
1208
4599
501
1009
770
4564
3252
2815
4244
2401
422
4999
1212
548
3795
3456
4453
798
799
4227
1228
2271
1433
4505
1987
4500
2567
4997
2298
4366
966
672
922
530
803
4258
4446
594
4299
3575
555
4247
4884
3467
4735
1126
516
4899
1133
1298
4431
1012
1015
536
454
4050
495
1027
849
22
1903
998
4731
607
3077
462
677
4270
2094
4297
4396
38
552
4412
4155
1019
4575
4151
4819
4467
773
4950
93
1242
82
15
1432
4350
4386
4610
4638
4560
4507
753
474
2575
2467
1450
700
4645
4016
792
1950
957
4628
2801
606
749
889
4533
4996
4364
2362
4995
4595
776
531
2240
668
4757
4454
4910
3838
666
4173
2220
3572
4722
662
609
2819
969
674
33
4675
4780
941
4934
2086
653
870
4217
655
983
4405
1123
4898
1459
656
4547
551
718
1031
4425
3465
1147
4228
4371
4241
733
2262
4363
72
1511
1164
4370
4256
3594
3498
1020
2443
1949
3754
4664
499
620
4409
4944
717
4018
3471
3523
2501
726
81
2591
4823
955
3160
487
4434
3514
4629
168
549
1196
504
4945
2581
524
701
3587
4892
4014
3837
906
2430
1155
4501
3810
3577
2249
4044
3480
4152
722
1488
2555
1249
96
2890
1204
1101
741
4
2571
2899
1451
4891
3836
94
463
4760
1966
4708
4504
4826
809
4813
3849
4771
1026
4846
1959
515
42
3492
543
559
3511
2442
4180
4043
4759
2628
757
3550
3477
4832
3275
2582
4568
654
3581
683
999
1278
1145
1434
617
2832
612
1132
1955
1021
3473
2641
4000
182
950
4804
3565
1247
3484
1040
4924
979
761
3468
1908
956
451
1939
3976
691
2050
622
707
4517
4775
4368
4587
1931
4774
1034
4805
2593
856
4010
4359
748
3513
4577
2053
1421
2690
4586
894
2664
2203
4847
1570
4617
637
3834
4986
4525
1533
4703
319
2450
1580
4994
3508
886
574
3533
569
3104
3461
3365
573
1727
46
492
4609
4689
2580
185
793
4803
3393
4677
801
476
380
3978
3497
2093
3457
613
4287
131
4660
1408
4654
2270
4737
2428
2117
964
284
3517
3485
2419
1291
1219
3491
2090
3545
3964
3531
2258
4445
3530
1124
41
2149
2095
4387
4852
2293
2103
4894
2194
3155
503
4078
545
1443
4442
1599
3940
4858
1102
4030
2599
4550
2266
3379
3770
2283
4953
665
975
3454
455
4045
4391
3819
4194
2602
2862
4459
785
3190
650
2836
4914
4883
406
4671
872
4634
2399
1364
1473
1171
4916
3948
4887
4048
4643
4781
4557
4783
4225
4002
1716
685
3490
4952
4742
1904
976
4620
715
4272
4920
2659
4721
687
4592
4647
3916
968
4582
399
4719
1093
1437
967
827
2586
1113
1417
2176
4040
708
4591
3954
2280
1083
76
745
4435
4185
3388
951
3516
2827
4424
3906
4686
1491
4937
3197
1743
1045
1982
4806
397
810
3187
987
694
272
4176
927
4352
3494
2734
522
910
2477
743
3595
3758
3585
3099
1403
731
4808
2052
4785
486
192
4862
899
2261
4662
4845
3470
936
2397
1961
862
2069
4362
4033
4443
1337
2865
4761
4506
4767
866
497
2070
2437
3952
3865
883
965
4818
4791
1454
529
3359
577
2066
3071
1120
2566
496
908
4065
736
3264
539
4836
631
912
4907
4204
1129
648
3068
4615
716
4758
1923
4415
3842
2446
1108
1388
4754
2684
2882
374
3162
3552
4051
744
2562
1419
1109
4378
986
1118
3098
2816
4766
1368
1267
3593
315
4473
2889
2355
3812
2857
649
1492
652
915
2611
4959
554
2674
3256
1127
1896
4746
1159
4372
4563
2870
2749
448
670
84
2133
1588
566
1934
690
3968
4020
4646
1907
932
507
3201
2238
3166
4023
453
3752
4074
4015
928
2285
3483
2122
2422
518
3925
633
4784
2677
1932
2250
3063
2292
136
2444
526
603
2393
1426
1002
3476
4553
4551
1661
430
1969
2413
2409
4632
4713
4727
4794
3799
2898
4905
4487
3592
679
2772
1912
85
3841
382
4607
626
65
1173
2061
172
3915
4091
3792
2553
4788
4875
1712
1243
57
3773
589
466
2476
885
1187
4720
4913
639
2439
3171
2435
4693
863
1235
4606
542
412
1134
3525
3921
4277
64
3169
3183
686
4736
1411
1032
1310
4770
1954
3947
198
160
3526
3912
2208
25
1241
2426
48
2803
847
4776
4925
4706
4802
2783
2083
2678
2609
3540
4276
3161
4034
3175
4811
86
3544
1065
4168
4938
2627
475
1948
1046
4397
1191
154
2448
1141
3843
4971
1442
985
1784
1774
1704
381
4177
3993
3917
580
3520
2445
629
458
4943
1114
2432
905
819
1258
1502
984
2197
4286
800
3829
1128
4911
846
2190
4765
2598
3263
892
2434
109
4588
3380
4298
4295
1067
4522
3509
675
697
1297
1362
2489
1970
2886
929
4856
3850
4769
1136
2671
752
4382
2543
1487
3961
4032
877
4288
623
1004
4174
1367
3296
1350
2454
2447
1246
4008
3269
1711
2157
206
4602
1303
4284
3386
2178
4243
2883
2830
4573
3070
4715
3207
1251
410
2378
754
4625
4093
1140
1285
4390
1816
444
3801
2263
3867
3234
280
19
3933
2588
3092
4198
831
1683
2449
4211
699
3555
4376
3935
1729
3280
2579
711
4080
92
641
1996
144
4496
3927
4262
1541
818
4740
3911
335
3455
4009
970
4793
4830
4579
2051
2657
1365
178
4036
4861
2145
3892
4269
1957
762
3281
1438
1508
742
3080
2864
4809
3177
4367
471
2845
930
1274
4611
2364
2110
972
1589
1866
3306
4831
3505
2425
3936
1946
3090
2623
1862
1130
4206
1467
1497
1564
638
1397
902
4915
2382
2191
2173
3506
1734
4860
1097
1311
1018
4798
1995
4589
1526
851
3194
4013
3904
2847
2614
4648
135
2087
3453
2583
1017
1964
1428
4717
1087
1536
1736
3774
446
567
1760
2216
1988
4711
1262
2876
4012
1390
3507
4195
1457
1005
817
1962
2386
379
3908
4052
4462
1708
2395
4779
1144
611
1288
4697
180
2488
2872
2996
2652
1732
3817
1275
357
3538
4956
211
3397
4178
3341
2357
390
727
3180
4640
1656
2568
4356
400
814
2255
1052
848
372
467
4282
2416
2177
3347
3502
2604
62
1256
3562
702
568
2410
2402
4404
4079
1176
1279
2654
4494
3930
4668
3902
1282
377
4990
4182
4624
4392
1086
4749
4377
4572
1885
4273
1153
1534
4430
1391
469
4919
1414
171
1000
1172
947
3109
2196
4667
4692
3866
3496
1259
83
1290
720
4922
3910
4590
1901
1175
2436
378
1063
4071
3064
3189
3816
1277
4906
3944
974
4566
3959
624
3583
1406
3075
3768
1398
194
2549
3179
3568
1893
4003
3893
482
4189
1317
1378
1299
3176
4027
259
470
1380
1051
5
1672
1462
684
2800
1978
3574
1289
933
808
4828
4062
395
3988
1435
940
488
3522
3929
2524
3586
3086
4477
366
411
1229
4786
3374
2367
212
2411
2274
3901
1103
4488
4755
233
1255
4498
90
66
1354
723
1112
4255
3486
408
4768
1074
1845
1270
1185
3981
840
1735
3451
4903
1412
4930
104
4165
1919
4864
3460
1516
3093
2508
388
640
129
1174
2809
688
1420
4983
747
4598
349
3170
3897
2465
628
1869
997
1050
2936
4166
1571
859
1501
435
939
828
703
1549
3094
111
2839
1715
1550
3059
4414
3767
4124
1563
2606
4933
3500
2854
4234
1013
163
3827
2959
1224
3813
2722
1188
3154
1706
4161
1287
1331
4226
4221
945
1269
3818
1666
581
1003
181
4219
3398
4224
1316
1741
1146
598
4158
299
1539
1300
1844
1697
1283
3233
2846
1218
3557
1894
4701
3563
1330
2557
121
21
3677
1399
4481
4428
100
2380
4148
572
2573
4748
832
1878
2844
3602
3971
4795
2414
2198
4098
4981
1485
1886
4082
3987
3078
2681
1468
2948
3489
4265
2778
4733
2595
2852
4281
4975
2624
4772
4710
20
860
4319
447
2059
1842
4935
836
4320
31
3051
3255
4252
2619
1069
4031
1115
780
1007
2088
3488
4394
2716
1168
438
3729
2642
3895
4661
402
3224
1874
1309
1162
4239
4073
2457
1340
2229
2574
1010
508
3782
1460
4926
3672
2200
4732
279
1280
4147
4154
657
782
1230
4139
491
553
4055
3058
3894
4797
4691
1783
43
2205
3378
1527
364
3777
1596
1252
1198
2485
692
4787
2570
2107
1425
2187
3282
2650
4393
1868
937
4354
230
1579
440
1393
758
55
509
317
1190
2718
3721
590
2584
2577
3658
4237
4540
2791
302
2849
1876
2560
1135
3272
1394
1142
2551
1470
3760
4466
4949
4167
4355
1881
791
4005
159
3759
920
4716
2390
426
962
1272
3206
2392
3722
3503
2957
301
3687
1293
4259
4554
4556
948
1107
1445
4912
1006
888
588
2824
4763
4644
1048
310
1152
1742
4192
3103
3803
1001
1916
4171
1163
4751
3802
1161
1427
4789
4993
4796
3123
4502
759
173
4642
1025
1940
141
2126
2655
1798
887
2518
1770
4723
4718
337
246
562
1292
3253
4070
3553
1037
1951
405
4874
4673
3977
2281
3766
2634
2286
255
4095
2358
2548
2601
1928
1111
2147
1281
3475
1684
3199
413
3588
1850
2387
3923
2725
3942
4635
4659
4622
142
456
4373
4655
1792
1312
1504
3567
2175
2394
1476
3879
2193
695
1192
89
4134
565
4137
725
3057
2120
2592
3922
2491
3852
825
834
361
428
4116
346
994
1061
98
4025
4482
3946
3472
3521
1728
993
2135
535
2618
1804
2404
2223
4066
3243
4688
1183
4157
3943
3053
3089
4663
472
2384
2704
4196
4558
4006
3270
1694
2753
1341
1071
473
4186
3757
2160
4162
1586
3125
3926
1861
1478
2533
1359
3547
1078
3886
3990
604
2494
3321
2868
332
3192
295
1373
3202
982
3798
2869
918
1831
4461
3391
4929
4909
2472
4395
1260
4170
3571
546
3707
3273
4086
1764
884
2483
4954
2685
4901
394
815
1926
1745
2081
213
3862
156
2148
2834
2687
353
3539
823
3913
2897
579
1154
1766
820
1686
4096
500
1822
4179
1618
2799
3074
4159
326
2278
445
3741
4222
1658
3891
4125
1343
4191
1496
704
1867
3056
3478
719
1315
1105
116
4729
1138
3111
3330
2158
4681
4948
3082
4958
1327
2728
3728
1609
4060
931
2279
106
2692
265
601
216
1410
4653
3789
4790
1167
2714
2361
3291
2647
1158
3124
4361
4998
2295
1
3326
461
561
2475
1261
3931
4764
2806
3067
621
2782
1479
4669
3681
923
4172
2644
1918
513
4570
1701
3820
3654
3035
2576
3055
4402
3715
74
1578
1942
4880
3833
2729
2552
2247
903
297
2171
3163
2222
1352
1250
3612
3928
2826
2840
1846
493
1084
1670
119
3251
2492
891
1749
4026
2820
1543
4888
4238
2878
4310
313
1925
1058
4683
2670
2972
2473
4400
3558
1581
3751
3580
401
1475
768
2165
4707
4978
2512
2374
3464
4561
4817
751
1530
4188
3050
285
1521
1669
3674
1781
2163
3633
4696
4388
2352
2788
1387
174
3636
2934
3604
2064
4581
4280
191
1924
1815
1181
3228
1566
3889
224
1043
738
2919
4303
689
2688
1900
2185
125
2668
1464
4600
2201
321
2482
3466
1552
101
1329
241
4251
4666
3591
2922
2347
4684
1994
1522
2683
4046
2509
2626
251
3731
1870
1481
2564
1117
2405
3529
4107
3392
1780
778
528
3372
4921
281
3554
331
2453
433
3518
2433
2679
1622
1851
619
3463
414
3725
2851
2294
4960
980
1273
4895
4061
4208
3778
3882
2962
2335
409
2020
1525
3218
3997
1151
1295
1053
2763
1355
4739
2745
3756
184
4106
3783
4181
2861
2710
729
2106
2656
288
3701
3364
2565
3780
1456
227
1574
2992
3173
2699
120
3823
645
1440
755
4210
316
2748
2663
3962
2338
1984
1975
578
4512
3003
314
2980
4115
4097
2146
3351
3858
4890
4552
3732
2569
3900
429
2
149
1306
4088
2455
3967
2471
4007
2738
3788
3678
4750
56
2828
4491
300
2228
4726
3054
3859
124
2945
4129
4141
1917
732
4896
387
728
1353
1386
60
421
2275
2597
740
2152
1517
4709
750
1313
878
696
1776
1895
1531
4705
3181
710
269
2536
3734
4672
2966
854
4100
1839
4515
2400
4293
1296
2417
4248
3784
1489
826
1524
4022
1759
634
2460
709
3462
1585
1755
2594
3579
4437
4881
2822
4379
693
3600
330
1929
837
183
2519
829
630
4714
4254
189
1369
27
449
1221
1667
647
386
2389
2265
1662
2786
231
3344
115
126
2810
2812
4111
1106
4657
4753
1872
3896
329
3479
1265
2629
1082
3338
3114
1650
4725
287
2123
1682
209
202
2808
2156
3747
4369
3244
949
1567
1023
223
1089
2665
3638
114
2888
4049
1740
59
3482
2776
2541
2153
2894
3742
3196
682
3549
1830
3769
4876
2866
325
2578
795
1854
644
123
2723
112
1184
1180
1956
3870
1642
4285
4292
1096
2440
1039
420
1382
3683
4163
1465
1952
4308
439
3864
2637
4108
3793
218
177
1967
51
4534
2877
88
3515
1963
3663
1519
3222
247
3576
417
2964
1091
2960
1554
2912
3299
4024
3723
4131
1424
352
3366
102
385
2975
3932
3217
1286
3953
926
2057
4144
4042
2667
276
1389
2124
4121
1500
3970
1575
3700
3966
215
1223
3730
3235
802
3301
946
1474
2368
1933
1509
340
839
3857
3519
4117
4102
2991
537
2544
3919
442
3746
730
850
541
2407
4429
3745
1515
3121
4886
4511
2506
3164
347
2896
2139
3113
2406
2607
1351
1095
3999
344
2965
4941
4822
391
4143
1865
3905
4317
226
2651
4215
4679
228
3551
239
2527
3844
69
1535
3825
2931
3195
3191
1085
1674
2421
1840
925
2456
2008
2885
2892
147
615
3560
343
1507
254
1663
4307
3159
232
204
2793
3693
35
3294
3223
2833
2047
4380
1404
1036
4923
2764
434
1047
1079
1920
3001
4961
358
4041
2621
1812
2930
2825
2927
3869
1284
138
3293
917
4927
3996
4053
1401
2366
1546
2239
512
2842
152
151
2276
1542
2696
1892
165
4408
944
4825
2441
4059
244
1863
3419
1276
3822
4076
3115
995
3750
1980
201
307
4724
4325
122
2924
3331
4112
2129
1264
2184
1623
3254
1820
2537
3394
1972
4130
3969
2538
4637
4444
1590
3011
2144
1150
3719
4957
1054
4314
2884
2860
2531
4301
1856
2951
238
2911
2529
1990
2210
2371
2740
4465
1718
3609
2871
2545
3247
3640
1304
3501
1577
2073
1944
2514
2046
2172
133
205
3033
681
1612
2306
3250
981
2661
4081
1976
547
3974
2257
963
1880
2396
3172
3362
2505
2499
636
342
4837
852
1193
360
2603
1314
214
4942
4455
2388
2516
1220
4146
1681
2660
3556
4268
2431
2757
2539
290
3290
2863
2520
4490
2077
3632
199
4413
1558
2462
1829
3771
1635
3763
308
4004
3268
3420
3212
2556
1143
4169
1056
4099
186
328
1573
3315
2969
855
1538
1786
2181
2784
4138
4105
1953
4145
2853
2006
4618
3158
4576
4011
2921
4312
642
806
1371
605
1756
2415
190
140
4596
2013
263
1088
2108
3626
2855
3761
4341
3079
1547
3345
1360
3611
2697
3625
3724
1843
2028
3717
4584
3535
1528
2928
1455
2760
3450
4160
4680
4984
2742
3286
418
1888
4982
2490
3601
1562
3129
3622
4649
3868
373
3358
3880
1361
678
1981
3260
4318
2463
2166
4103
540
2923
334
845
3740
4289
1691
909
3240
1197
87
261
658
345
4745
2213
4479
4290
3764
3193
3619
322
2807
1513
2014
103
1653
3313
3644
3733
1673
3052
336
2316
2365
1156
821
236
1178
1548
4067
2982
1675
153
1910
3909
2076
2065
4799
1266
1035
3328
3230
1677
4274
68
2001
2098
4712
3797
2192
2891
3524
3748
1076
1787
242
3649
2903
1879
1679
3955
327
4342
1405
1703
3061
1899
3352
2645
1758
407
3434
1945
958
157
1400
4331
2988
150
1116
1110
110
3236
243
1636
128
303
1483
296
2111
2034
3903
4555
2179
2326
3146
443
3646
4782
2933
3107
934
2484
3647
1556
3210
1833
1179
3142
4970
137
267
3245
3991
2337
1597
4738
3598
3267
1909
1446
2829
2041
2979
2277
3890
867
1370
229
2478
3786
2535
2044
843
4089
1271
4126
2099
2986
3755
1592
2155
2182
3373
3384
4150
108
592
1985
2078
1357
1441
3038
2114
416
2994
1852
2680
2084
3688
139
2841
3200
3062
4695
2002
1119
4381
1170
4306
1790
4077
4641
432
4474
1837
2340
1319
2732
3630
4271
1611
4744
2706
2525
3004
2925
4801
1551
2186
4946
2777
3117
298
1620
1659
1676
167
2284
3660
3607
3292
4203
3279
3342
311
2048
822
250
3624
2517
3065
2154
309
1458
3887
2859
4979
3297
1392
2752
3856
4127
3395
240
2608
225
2080
2159
2495
348
1444
4142
2528
2755
3645
4526
4109
3794
2075
1849
4537
2183
2227
2973
1864
2997
3239
2513
3704
176
627
1773
2908
2023
1754
1614
2590
3884
1080
2424
318
2225
2521
3982
292
3355
1121
370
1887
320
4900
2202
2403
1436
4451
2055
3679
2451
2498
4658
4001
3753
1654
3785
1375
2304
392
4471
3069
1695
2043
4305
1859
1922
2035
371
1576
3009
1448
595
1157
3259
3873
2005
2954
2370
2880
2359
1960
3232
2600
4149
779
1305
324
3353
1499
2744
1165
2142
193
4132
1806
1801
2630
170
4865
2622
1062
29
4687
2938
1205
1965
4113
2717
3045
1793
4092
3371
1544
3402
3390
3368
4324
305
253
3432
3182
4365
3606
3231
3569
1799
3443
2943
4656
355
2904
4980
1958
1891
1882
4140
3527
3738
1875
3320
4963
2900
2021
4882
2503
3411
2727
1463
3407
256
2977
1768
1582
4068
2616
3442
4816
3413
1557
3787
2429
2914
2546
3337
3389
1073
4940
3559
3307
4480
2831
2468
248
3340
3346
3118
3610
3302
3956
424
1495
3100
3876
2615
2458
2523
3284
3084
3712
3651
1595
2054
2109
2955
3433
423
3854
274
1565
2033
4300
3156
3830
2169
2321
1625
1593
3541
4536
3716
3653
1268
2794
1498
1374
3578
4063
1572
4569
2373
4484
2452
3350
3221
99
1518
1160
765
3776
2937
1033
3209
2469
2802
3853
3157
3452
812
3885
3860
1422
4652
222
117
3295
550
1707
1860
2038
2000
245
4824
661
2747
2916
4499
1853
2423
478
2391
2532
2620
2329
2913
4128
1660
3599
2942
1395
680
1431
3605
2349
3028
4294
50
3765
1646
1594
3877
2327
4296
1699
2245
1555
3848
67
3367
3318
3809
1884
179
4973
4567
2502
2686
2346
3184
2983
3642
425
2768
3775
4311
1645
2097
2480
538
3298
2666
4304
2236
2242
2587
2143
2189
4021
161
4977
436
207
1835
3241
2767
3357
898
3698
127
1099
4335
698
2917
1747
608
3881
602
1757
148
2944
911
1469
2161
3265
2363
4674
2336
1721
1664
1616
3110
1532
3939
2007
4072
4039
3686
113
1559
2511
1775
1633
4897
2085
1998
1821
3289
134
4423
3409
2318
2971
2036
1149
2932
1090
3112
2140
4814
4583
4398
2672
2045
804
4469
3316
4064
2167
3826
2500
3396
2613
1195
2308
3376
4104
3227
857
3711
3165
1182
2067
107
3168
3423
3643
1591
2218
3437
835
564
3566
2612
3150
2248
3317
2507
490
871
2907
3614
2636
1657
3238
2949
4457
4133
734
2204
2893
880
3370
2180
3037
900
3277
1177
3204
3635
669
4650
875
3875
2311
2131
3427
3335
1782
2461
3023
2116
1680
1447
146
4991
2709
4908
162
1834
3410
1665
2209
3319
1030
3095
3918
306
2162
3504
842
2790
312
4119
4988
2009
4962
80
2072
2926
3087
354
3266
3960
4069
2299
4827
2125
3972
1335
2902
841
1632
1608
3363
756
1719
2547
2873
419
3126
2058
2104
3141
1847
4985
4057
4855
4869
4682
2940
2761
4058
4969
2219
895
868
4200
1724
1560
4375
4873
2112
3986
3274
4028
4399
4747
